0.3456153
0.36758938
0.32297397
0.34488428
0.34281623
0.3568179
0.35862532
0.36431387
0.3573105
0.34424993
lllllll0.36946514
0.380623
0.3379017
0.35605
0.35397086
0.37250316
0.37344417
0.3785861
0.3674319
0.35429043
lllllll0.3371634
0.35590863
0.29250568
0.31024173
0.33109227
0.32721204
0.33354175
0.34168848
0.3488938
0.33493504
lllllll0.37331784
0.3885216
0.3415426
0.35187262
0.36757532
0.355597
0.3698085
0.3824183
0.38287395
0.36284813
lllllll0.37125987
0.38820052
0.33637035
0.352151
0.3649229
0.35306847
0.3670492
0.3816863
0.3805733
0.36025465
lllllll0.29316723
0.32385498
0.30219305
0.30039412
0.3091643
0.30124006
0.3344478
0.33943388
0.30722708
0.30780068
lllllll0.2888772
0.31519732
0.27190027
0.29280588
0.3038116
0.292868
0.33217055
0.3207755
0.31163988
0.3024798
lllllll0.27900976
0.3019861
0.24833128
0.2856224
0.2879341
0.28172603
0.31285372
0.30737352
0.30534056
0.2872872
lllllll0.31047702
0.332356
0.29298788
0.32004774
0.32608008
0.30643645
0.33922064
0.3406549
0.3353505
0.32100084
lllllll0.24918775
0.26612872
0.20298678
0.24232587
0.25257903
0.24107166
0.27077204
0.26457942
0.27126503
0.25450444
lllllll0.36143476
0.38417447
0.33658755
0.35677865
0.3649456
0.35965157
0.38065687
0.38734844
0.37302658
0.3645439
lllllll0.36225036
0.38495624
0.33715606
0.35760382
0.36584222
0.36023164
0.38129807
0.3881463
0.37364802
0.3654496
lllllll